1 118 0.40400383076063273
1 25 0.14821128727948005
1 20 0.09910194536804327
1 94 0.0425416474067703
1 103 0.040718134085781614
1 98 0.0390401602965019
1 120 0.03727363720616244
1 39 0.03073750177190647
1 67 0.030030892535770688
1 127 0.026321194046057837
1 60 0.022526230177617356
1 115 0.02049166784793765
1 66 0.020138363229869758
1 41 0.01960840630276792
1 14 0.019255101684700033
2 111 0.23880227822593222
2 162 0.161209995987113
2 39 0.14206940048591646
2 11 0.09091304124322701
2 53 0.07137135759008124
2 129 0.042418825737501116
2 34 0.038378937572024825
2 67 0.03523680233220993
2 24 0.030651802146028754
2 14 0.02738146423267268
2 153 0.02603483484418058
2 112 0.0254332567293294
2 98 0.025361520149934532
2 145 0.022668261372950336
2 79 0.022068221350897792
3 49 0.2860833439988494
3 77 0.12916825211054817
3 124 0.0822431178059843
3 127 0.06690568623829173
3 41 0.0608640356415229
3 145 0.05957738782924807
3 52 0.050682735561782856
3 103 0.0413489381918645
3 7 0.03865537557747457
3 95 0.0359701975344662
3 4 0.0335087843283752
3 120 0.03272560739916443
3 113 0.029481017263862656
3 19 0.029402095060700625
3 65 0.0233834254578645
4 129 0.2467911428561086
4 145 0.11362166478028762
4 62 0.08063472984407509
4 78 0.06889929473117885
4 87 0.060476047383056314
4 39 0.05934157607572625
4 124 0.05480792336597881
4 14 0.05480369084640601
4 162 0.045742891476269844
4 16 0.04520431824592088
4 28 0.03495976562087452
4 103 0.03453441163450865
4 77 0.03438320731446492
4 130 0.03351053707805718
4 27 0.032288798747086345
5 61 0.17866329391327815
5 153 0.164936125897989
5 113 0.09609017610702375
5 124 0.08818168881824161
5 127 0.06982646179205736
5 83 0.057500025206899785
5 12 0.04531366176475537
5 48 0.04433314976366329
5 76 0.04160172347490679
5 78 0.04071830774325012
5 77 0.04006091890176209
5 39 0.03978077261573578
5 19 0.032412059647247804
5 50 0.030816091462893914
5 52 0.02976554289029526
6 110 0.13520773823350454
6 145 0.08522002209372335
6 124 0.07985018078593184
6 39 0.07754118618068469
6 113 0.07708948995050594
6 127 0.07362648551913555
6 67 0.07332535469901638
6 118 0.06941065403746725
6 53 0.06654991124633519
6 77 0.059021640743356106
6 76 0.04757866957882788
6 141 0.04366396891727875
6 103 0.04250404397676509
6 98 0.03688852546459757
6 129 0.032522128572869693
7 162 0.35618872662667467
7 9 0.15351814099688113
7 129 0.11280148276539509
7 24 0.0968268523563011
7 35 0.06352245032142506
7 53 0.04892594433197859
7 112 0.038013556997858855
7 39 0.024055255963222805
7 145 0.020657620940168736
7 11 0.017418514643780723
7 153 0.017124080516192505
7 55 0.016159627707622262
7 51 0.012911013087605462
7 61 0.011687864479305997
7 17 0.010188868265587046
8 25 0.46902797033343685
8 67 0.08040479491430345
8 118 0.0783596930356264
8 98 0.057209034132466245
8 115 0.04332386874565882
8 73 0.04181695157189678
8 78 0.03385504958803315
8 19 0.030660372357470683
8 39 0.02690923524575082
8 103 0.02659428168451354
8 16 0.025563773483463278
8 14 0.02389540089822673
8 27 0.02346485313429472
8 104 0.01970152690939248
8 129 0.01921319396546609
9 67 0.19255593373869093
9 42 0.15725541336756468
9 124 0.08645242404094983
9 77 0.0729544087669942
9 127 0.07009674759409351
9 113 0.05664893030985494
9 76 0.05261458512458338
9 50 0.05017716824181514
9 119 0.046226871914570054
9 19 0.04254138140463942
9 145 0.04135203814903358
9 7 0.03992320756258323
9 52 0.03109807746980168
9 78 0.03019848352449502
9 151 0.029904328790330597
10 153 0.2180908250900568
10 113 0.09832229772808496
10 61 0.09645387620695087
10 127 0.08307706125854163
10 124 0.0817814184342192
10 48 0.07284136075145925
10 50 0.0494454738781281
10 41 0.04744165949314372
10 52 0.04681885231943236
10 4 0.04031999485461815
10 76 0.03682685896728051
10 39 0.033117094497782405
10 19 0.03285756627592528
10 95 0.03132990869495849
10 77 0.031275751549418376
11 127 0.1976490039242318
11 40 0.16747801199755882
11 41 0.12985279557891327
11 52 0.09158865483408804
11 142 0.07785280943850977
11 4 0.05175470318691103
11 66 0.04807545888452398
11 98 0.042090554819307735
11 144 0.03787168801923726
11 95 0.03389810417265926
11 120 0.027618860563252044
11 108 0.02559012760291559
11 89 0.0255584837539153
11 67 0.0215848999073373
11 118 0.021535843316638804
12 145 0.3926727311201366
12 129 0.08132125592875086
12 55 0.08088059508205173
12 14 0.06118094488097612
12 136 0.057129582644854245
12 103 0.03864496183165338
12 16 0.03825392412847783
12 47 0.03750430894216584
12 39 0.037493912390825945
12 114 0.03686056927611605
12 140 0.029387120522539258
12 53 0.027487091178409563
12 56 0.027125680510090514
12 78 0.027100774984625896
12 86 0.026956546578326118
13 24 0.30755781036492275
13 162 0.2261754552687068
13 129 0.10153296164649579
13 39 0.0756788685459547
13 61 0.04468820065722664
13 9 0.04399180307009396
13 53 0.03698333847494619
13 35 0.03091284222606338
13 112 0.026595610091945516
13 153 0.024141901504478765
13 2 0.021376030110597403
13 145 0.0174643542798357
13 111 0.014553628566529751
13 86 0.014478443264097871
13 44 0.01386875192810482
14 39 0.19679781823534664
14 86 0.0915744959261964
14 55 0.08240787448890834
14 67 0.07514853396750579
14 19 0.06984182164620042
14 125 0.06322670433288853
14 103 0.05462408723879433
14 65 0.050652603005722135
14 158 0.048857143813526134
14 145 0.047331120841412486
14 43 0.04650075030033508
14 17 0.044870759686337906
14 129 0.044009638677102836
14 14 0.04234889759494802
14 124 0.04180775024477482
15 145 0.2091169627201492
15 136 0.19617534844664986
15 25 0.11531990066142918
15 55 0.07363718114539027
15 86 0.06647083657233609
15 129 0.05633138004659674
15 39 0.0496885286260075
15 140 0.04437424748953611
15 62 0.03321425710294619
15 14 0.029759974364239786
15 154 0.02843140408012194
15 19 0.028408066115017214
15 103 0.02559976702804609
15 17 0.024318729924273436
15 47 0.01915341567726031
16 97 0.3692439015327494
16 26 0.16723981851642747
16 61 0.08734239597162768
16 98 0.08002027894406609
16 20 0.0440634542551475
16 25 0.04354044589603596
16 137 0.03922502082845259
16 129 0.029680724379580067
16 162 0.02699635706460095
16 65 0.02523515332713195
16 28 0.02258167763313072
16 19 0.01955103426967016
16 164 0.016906533899578344
16 73 0.014905738234678976
16 39 0.013467465247122232
17 26 0.25692306510554075
17 97 0.1287553326927833
17 129 0.08777382537489029
17 25 0.0874679932307269
17 20 0.0761522038966818
17 98 0.06697723957178038
17 61 0.046792318056997254
17 62 0.03853485016458598
17 162 0.03668641364989598
17 28 0.034849691162495054
17 73 0.03211237513715498
17 14 0.02905405369552117
17 65 0.026913228686377504
17 19 0.026294933230825084
17 103 0.024712476343743406
18 87 0.37234536913338945
18 129 0.16801700127837244
18 145 0.09416337434282411
18 78 0.06011248841511632
18 62 0.05354387952827253
18 98 0.042158112042375503
18 124 0.03420014495021591
18 55 0.028234335846455114
18 16 0.025541045981877127
18 103 0.022793192729712124
18 27 0.022463811526229283
18 14 0.022463811526229283
18 28 0.01862839052227214
18 132 0.01779480577946575
18 77 0.017540236397192727
19 53 0.30040167216748126
19 145 0.09694346179642432
19 127 0.09133742239775944
19 77 0.0866885116769154
19 124 0.07791960444733663
19 7 0.05318900795318626
19 162 0.04642237486844063
19 39 0.0389688104541339
19 90 0.03514029574285056
19 113 0.03172197903634759
19 67 0.03021791968548628
19 103 0.029604457656517893
19 115 0.02926079100766545
19 41 0.026115939637682713
19 19 0.026067751471771716
20 20 0.3851197990554486
20 118 0.1278320007623712
20 14 0.07189500174283163
20 98 0.06713559742184978
20 73 0.06097636830057916
20 115 0.04389850573705607
20 78 0.042775380606552615
20 103 0.028306881784804016
20 25 0.027828517029740905
20 104 0.027781433771000827
20 129 0.025420818373244208
20 16 0.02480489546111714
20 19 0.022438280200371
20 27 0.021893259876516486
20 65 0.021893259876516486
21 162 0.40724867864141506
21 129 0.09828482457340335
21 53 0.06660765985897893
21 24 0.06226348289662217
21 112 0.05622277737830001
21 9 0.043049736428371545
21 79 0.040671811993333654
21 39 0.038355053492059844
21 164 0.03653898514025512
21 35 0.03138520142286029
21 67 0.026454713234478778
21 145 0.025341731771539543
21 2 0.02362415066749064
21 11 0.023232614498484
21 111 0.020718578002407326
22 1 0.13200402933892255
22 160 0.12097025788962051
22 67 0.08917293471299555
22 94 0.0730492846063268
22 30 0.06891091805154999
22 79 0.06383138519663839
22 53 0.06299280427419708
22 113 0.05687407647049322
22 124 0.056114313459229556
22 19 0.050545476808385816
22 162 0.049661129776181374
22 145 0.04854859437692896
22 164 0.044170281116063165
22 64 0.04323232267862889
22 83 0.03992219124383828
23 124 0.37742332585589833
23 113 0.13625170377415374
23 76 0.11151553136277463
23 77 0.08799589202080763
23 145 0.04906683379962084
23 103 0.04898236487173031
23 39 0.028385771619615363
23 19 0.028013394544459187
23 34 0.024898376820634047
23 114 0.02408735477435932
23 47 0.021498468425185286
23 53 0.01816689383655383
23 65 0.014841703446827462
23 82 0.014760601242199987
23 7 0.014111783605180209